0.0013497437584883,
-0.0028851488454470,
-0.0051803997989624,
-0.0067743271500182,
-0.0054230912899574,
0.0000262833306399,
0.0085675169447456,
0.0168114807332282,
0.0200519571480227,
0.0145434558954224,
-0.0000412482793360,
-0.0193563288132565,
-0.0353417104875508,
-0.0394553801592329,
-0.0269257176105469,
0.0000447515124863,
0.0319994542140923,
0.0555339082894318,
0.0590576071456543,
0.0384746820139188,
-0.0000272498524141,
-0.0417643930498658,
-0.0694759081399986,
-0.0708687447930485,
-0.0443236577091257,
0.0000000000000000,
0.0443236577091257,
0.0708687447930485,
0.0694759081399986,
0.0417643930498658,
0.0000272498524141,
-0.0384746820139188,
-0.0590576071456543,
-0.0555339082894318,
-0.0319994542140923,
-0.0000447515124863,
0.0269257176105469,
0.0394553801592329,
0.0353417104875508,
0.0193563288132565,
0.0000412482793360,
-0.0145434558954224,
-0.0200519571480227,
-0.0168114807332282,
-0.0085675169447456,
-0.0000262833306399,
0.0054230912899574,
0.0067743271500182,
0.0051803997989624,
0.0028851488454470,
-0.0013497437584883,
0
