-0.0036358899614089,
-0.0033016042618673,
-0.0019190286389633,
0.0021117342763432,
0.0077725893637813,
0.0124024812817047,
0.0126723050708952,
0.0063548246847199,
-0.0058954080149117,
-0.0198783823377294,
-0.0290179629241608,
-0.0272259155570676,
-0.0122661422975323,
0.0120988854094327,
0.0366244916481651,
0.0500465679636231,
0.0442305568374121,
0.0186042568354300,
-0.0184067716745667,
-0.0521409594896676,
-0.0677714632653995,
-0.0570483821881276,
-0.0225944082818823,
0.0225580380605003,
0.0602071321385717,
0.0747855546040791,
0.0602071321385717,
0.0225580380605003,
-0.0225944082818823,
-0.0570483821881276,
-0.0677714632653995,
-0.0521409594896676,
-0.0184067716745667,
0.0186042568354300,
0.0442305568374121,
0.0500465679636231,
0.0366244916481651,
0.0120988854094327,
-0.0122661422975323,
-0.0272259155570676,
-0.0290179629241608,
-0.0198783823377294,
-0.0058954080149117,
0.0063548246847199,
0.0126723050708952,
0.0124024812817047,
0.0077725893637813,
0.0021117342763432,
-0.0019190286389633,
-0.0033016042618673,
-0.0036358899614089,
0
